0	0
0	1
0	2
0	3
0	4
0	6
0	7
0	8
0	9
0	11
0	12
0	13
0	14
0	15
0	16
0	17
0	18
0	19
0	20
0	22
0	23
0	25
0	26
0	28
0	30
0	31
0	32
0	33
0	35
0	37
0	40
0	41
0	42
0	43
0	44
0	45
0	46
0	48
0	49
0	51
0	52
0	55
0	56
0	59
0	60
0	61
0	62
0	63
0	65
0	66
0	67
0	68
0	69
0	70
0	71
0	72
0	73
0	74
0	75
0	76
0	78
0	79
0	82
0	83
0	84
0	85
0	86
0	87
0	88
0	89
0	90
0	91
0	93
0	95
0	96
0	97
0	99
0	102
0	103
0	104
0	109
0	110
0	111
0	112
0	113
0	114
0	115
0	116
0	118
0	121
0	123
0	124
0	126
0	128
0	129
0	131
0	134
0	137
0	138
0	140
0	141
0	143
0	144
0	145
0	147
0	148
0	149
0	151
0	152
0	154
0	155
0	157
0	160
0	161
0	162
0	164
0	167
0	168
0	170
0	172
0	174
0	175
0	176
0	177
0	178
0	179
0	181
0	182
0	185
0	186
0	190
0	192
0	193
0	195
0	199
0	200
0	201
0	203
0	205
0	206
0	207
0	209
0	210
0	211
0	212
0	213
0	214
0	215
0	216
0	218
0	219
0	220
0	221
0	222
0	223
0	224
0	225
0	226
0	227
0	228
0	229
0	230
0	232
0	233
0	234
0	237
0	238
0	239
0	240
0	241
0	243
0	244
0	245
0	246
0	248
0	250
0	252
0	253
0	255
0	256
0	257
0	258
0	259
0	260
0	261
0	262
0	263
0	264
0	265
0	267
0	268
0	270
0	271
0	273
0	274
0	275
0	276
0	278
0	279
0	282
0	283
0	285
0	287
0	288
0	289
0	290
0	291
0	292
0	293
0	295
0	296
0	297
0	298
0	303
0	304
0	305
0	306
0	307
0	308
0	310
0	311
0	312
0	314
0	315
0	318
0	319
0	321
0	322
0	323
0	326
0	327
0	328
0	331
0	333
0	334
0	335
0	336
0	337
0	338
0	339
0	340
0	341
0	342
0	343
0	344
0	345
0	347
1	3437
1	3438
1	3439
1	3440
1	3441
1	3442
1	3443
1	3444
1	3445
1	3446
1	3447
1	3448
1	3449
1	3450
1	3451
1	3452
1	3453
1	3454
1	3455
1	3456
1	3457
1	3458
1	3459
1	3460
1	3461
1	3462
1	3463
1	3464
1	3465
1	3466
1	3467
1	3468
1	3469
1	3470
1	3471
1	3472
1	3473
1	3474
1	3475
1	3476
1	3477
1	3478
1	3479
1	3480
1	3481
1	3482
1	3483
1	3484
1	3485
1	3486
1	3487
1	3488
1	3489
1	3490
1	3491
1	3492
1	3493
1	3494
1	3495
1	3496
1	3497
1	3498
1	3499
1	3500
1	3501
1	3502
1	3503
1	3504
1	3505
1	3506
1	3507
1	3508
1	3509
1	3510
1	3511
1	3512
1	3513
1	3514
1	3515
1	3516
1	3517
1	3518
1	3519
1	3520
1	3521
1	3522
1	3523
1	3524
1	3525
1	3526
1	3527
1	3528
1	3529
1	3530
1	3531
1	3532
1	3533
1	3534
1	3535
1	3536
1	3537
1	3538
1	3539
1	3540
1	3541
1	3542
1	3543
1	3544
1	3545
1	3546
1	3547
1	3548
1	3549
1	3550
1	3551
1	3552
1	3553
1	3554
1	3555
1	3556
1	3557
1	3558
1	3559
1	3560
1	3561
1	3562
1	3563
1	3564
1	3565
1	3566
1	3567
1	3568
1	3569
1	3570
1	3571
1	3572
1	3573
1	3574
1	3575
1	3576
1	3577
1	3578
1	3579
1	3580
1	3581
1	3582
1	3583
1	3584
1	3585
1	3586
1	3587
1	3588
1	3589
1	3590
1	3591
1	3592
1	3593
1	3594
1	3595
1	3596
1	3597
1	3598
1	3599
1	3600
1	3601
1	3602
1	3603
1	3604
1	3605
1	3606
1	3607
1	3608
1	3610
1	3611
1	3612
1	3613
1	3614
1	3615
1	3616
1	3617
1	3618
1	3619
1	3620
1	3621
1	3622
1	3623
1	3624
1	3625
1	3626
1	3627
1	3628
1	3629
1	3630
1	3631
1	3632
1	3633
1	3634
1	3635
1	3636
1	3637
1	3638
1	3639
1	3640
1	3641
1	3642
1	3643
1	3644
1	3645
1	3646
1	3647
1	3648
1	3649
1	3650
1	3651
1	3652
1	3653
1	3654
1	3655
1	3656
1	3657
1	3658
1	3659
1	3660
1	3661
1	3662
1	3663
1	3664
1	3665
1	3666
1	3667
1	3668
1	3669
1	3670
1	3671
1	3672
1	3673
1	3674
1	3675
1	3676
1	3677
1	3678
1	3679
1	3680
1	3681
1	3682
1	3683
1	3684
1	3685
1	3686
1	3687
1	3688
1	3689
1	3690
1	3691
1	3692
1	3693
1	3694
1	3695
1	3696
1	3697
1	3698
1	3699
1	3700
1	3701
1	3702
1	3703
1	3704
1	3705
1	3706
1	3707
1	3708
1	3709
1	3710
1	3711
1	3712
1	3713
1	3714
1	3715
1	3716
1	3717
1	3718
1	3719
1	3720
1	3721
1	3722
1	3723
1	3724
1	3725
1	3726
1	3727
1	3728
1	3729
1	3730
1	3731
1	3732
1	3733
1	3734
1	3735
1	3736
1	3737
1	3738
1	3739
1	3740
1	3741
1	3742
1	3743
1	3744
1	3745
1	3746
1	3747
1	3748
1	3749
1	3750
1	3751
1	3752
1	3753
1	3754
1	3755
1	3756
1	3757
1	3758
1	3759
1	3760
1	3761
1	3762
1	3763
1	3764
1	3765
1	3766
1	3767
1	3768
1	3769
1	3770
1	3771
1	3772
1	3773
1	3774
1	3775
1	3776
1	3777
1	3778
1	3779
1	3780
1	3781
1	3782
1	3783
1	3784
1	3785
1	3786
1	3787
1	3788
1	3789
1	3790
1	3791
1	3792
1	3793
1	3794
1	3795
1	3796
1	3797
1	3798
1	3799
1	3800
1	3801
1	3802
1	3803
1	3804
1	3805
1	3806
1	3807
1	3808
1	3809
1	3810
1	3811
1	3812
1	3813
1	3814
1	3815
1	3816
1	3817
1	3818
1	3819
1	3820
1	3821
1	3822
1	3823
1	3824
1	3825
1	3826
1	3827
1	3828
1	3829
1	3830
1	3831
1	3832
1	3833
1	3834
1	3835
1	3836
1	3837
1	3838
1	3839
1	3840
1	3841
1	3842
1	3843
1	3844
1	3845
1	3846
1	3847
1	3848
1	3849
1	3850
1	3851
1	3852
1	3853
1	3854
1	3855
1	3856
1	3857
1	3858
1	3859
1	3860
1	3861
1	3862
1	3863
1	3864
1	3865
1	3866
1	3867
1	3868
1	3869
1	3870
1	3871
1	3872
1	3873
1	3874
1	3875
1	3876
1	3877
1	3878
1	3879
1	3880
1	3881
1	3882
1	3883
1	3884
1	3885
1	3886
1	3887
1	3888
1	3889
1	3890
1	3891
1	3892
1	3893
1	3894
1	3895
1	3896
1	3897
1	3898
1	3899
1	3900
1	3901
1	3902
1	3903
1	3904
1	3905
1	3906
1	3907
1	3908
1	3909
1	3910
1	3911
1	3912
1	3913
1	3914
1	3915
1	3916
1	3917
1	3918
1	3919
1	3920
1	3921
1	3922
1	3923
1	3924
1	3925
1	3926
1	3927
1	3928
1	3929
1	3930
1	3931
1	3932
1	3933
1	3934
1	3935
1	3936
1	3937
1	3938
1	3939
1	3940
1	3941
1	3942
1	3943
1	3944
1	3945
1	3946
1	3947
1	3948
1	3949
1	3950
1	3951
1	3952
1	3953
1	3954
1	3955
1	3956
1	3957
1	3958
1	3959
1	3960
1	3961
1	3962
1	3963
1	3964
1	3965
1	3966
1	3967
1	3968
1	3969
1	3970
1	3971
1	3972
1	3973
1	3974
1	3975
1	3976
1	3977
1	3978
1	3979
2	3980
2	3981
2	3982
2	3983
2	3984
2	3985
2	3986
2	3987
2	3988
2	3989
2	3990
2	3991
2	3992
2	3993
2	3994
2	3995
2	3996
2	3997
2	3998
2	3999
2	4000
2	4001
2	4002
2	4003
2	4004
2	4005
2	4006
2	4007
2	4008
2	4009
2	4010
2	4011
2	4012
2	4013
2	4014
2	4015
2	4016
2	4017
2	4018
2	4019
2	4020
2	4021
2	4022
2	4023
2	4024
2	4025
2	4026
2	4027
2	4028
2	4029
2	4030
2	4031
2	4032
2	4033
2	4034
2	4035
2	4036
2	4037
2	4038
2	594
3	1027
3	1030
3	1544
3	1034
3	1546
3	1038
3	1043
3	1046
3	1558
3	1560
3	1562
3	1050
3	1055
3	1061
3	1574
3	1065
3	1581
3	1071
3	1586
3	1096
3	1105
3	596
3	1111
3	1627
3	1119
3	1640
3	107
3	1133
3	1145
3	1157
3	1161
3	1162
3	1676
3	1177
3	1690
3	1693
3	1696
3	1194
3	1197
3	1711
3	1200
3	1713
3	1202
3	1203
3	1206
3	1208
3	1218
3	1731
3	1224
3	1233
3	1234
3	1240
3	1758
3	1759
3	1760
3	1252
3	1253
3	1254
3	1266
3	1779
3	1270
3	1797
3	1802
3	1814
3	1304
3	1308
3	1822
3	1834
3	1326
3	1840
3	1847
3	1854
3	1860
3	1353
3	1357
3	1368
3	1889
3	1890
3	1383
3	1386
3	1901
3	1905
3	1394
3	1403
3	1406
3	899
3	904
3	911
3	918
3	1441
3	1442
3	1443
3	945
3	1466
3	955
3	956
3	1474
3	976
3	1492
3	1499
3	987
3	1501
3	1513
3	1002
3	1013
3	1016
4	2850
4	2851
4	2852
4	2853
4	2854
4	58
4	2862
4	2863
4	2864
4	2865
4	2866
4	2867
4	2869
4	2872
4	2873
4	2874
4	2877
4	2878
4	2880
4	847
4	2883
4	171
4	848
4	2884
4	850
4	851
4	2887
4	852
4	2888
4	853
4	854
4	2890
4	855
4	2891
4	2896
4	2897
4	2899
4	2901
4	2905
4	2906
4	2907
4	2908
4	2909
4	2910
4	2911
4	2912
4	2913
4	2914
4	2915
4	2916
4	2917
4	2918
4	2919
4	2920
4	2924
4	2925
4	2926
4	2927
4	2928
4	2929
4	2930
4	2931
4	2932
4	2661
4	2663
4	2664
4	2666
4	2669
4	2670
4	2671
4	2673
4	2674
4	2675
4	2676
4	2679
4	2680
4	2681
4	2683
4	2686
4	2689
4	2691
4	2694
4	2695
4	2698
4	2699
4	2703
4	2704
4	2705
4	2706
4	2710
4	2712
4	2715
4	2717
4	2718
4	2720
4	2721
4	2722
4	2723
4	2726
4	2729
4	2730
4	2731
4	2732
4	686
4	687
4	688
4	689
4	690
4	691
4	2740
4	692
4	693
4	694
4	695
4	697
4	698
4	699
4	2748
4	700
4	701
4	703
4	2752
4	704
4	705
4	706
4	708
4	707
4	709
4	710
4	711
4	712
4	713
4	714
4	715
4	717
4	716
4	719
4	720
4	721
4	722
4	2767
4	718
4	723
4	726
4	2774
4	2776
4	729
4	728
4	724
4	725
4	733
4	734
4	735
4	727
4	730
4	738
4	731
4	740
4	2788
4	742
4	743
4	744
4	745
4	2791
4	2792
4	747
4	741
4	746
4	2799
4	748
4	753
4	749
4	755
4	756
4	757
4	758
4	750
4	751
4	754
4	762
4	763
4	2812
4	765
4	2814
4	759
4	764
4	2817
4	769
4	770
4	772
4	771
4	774
4	773
4	2824
4	776
4	777
4	779
4	780
4	775
4	782
4	783
4	784
4	785
4	2834
4	787
4	788
4	786
4	2838
4	789
4	790
4	791
4	2842
4	794
4	796
4	797
4	2846
4	798
4	800
4	792
4	793
4	795
4	804
4	805
4	799
4	807
4	808
4	2857
4	810
4	811
4	809
4	2861
4	812
4	815
4	813
4	814
4	816
4	819
4	820
4	821
4	822
4	823
4	817
4	825
4	818
4	824
4	828
4	2876
4	830
4	2879
4	826
4	827
4	829
4	831
4	832
4	2885
4	838
4	833
4	840
4	2889
4	834
4	835
4	836
4	837
4	839
4	2895
4	841
4	849
4	842
4	843
4	844
4	845
4	2902
4	846
4	856
4	857
4	858
4	859
4	860
4	861
4	862
4	863
4	864
4	865
4	866
4	867
4	868
4	869
4	870
4	871
4	872
4	873
4	874
4	875
4	876
4	877
4	878
4	879
4	880
4	881
4	882
4	883
4	884
4	885
4	886
4	887
4	888
4	889
4	890
4	891
4	892
4	893
4	894
4	895
4	2944
4	2945
4	2946
4	2939
4	2948
4	2940
4	2950
4	2943
4	2952
4	2953
4	2955
4	2956
4	2959
4	2960
4	2961
4	2962
4	2963
4	2966
4	2967
4	2969
4	2970
4	2972
4	2973
4	2974
4	2975
4	2977
4	2978
4	2980
4	2981
4	2982
4	2985
4	2986
4	2987
4	2988
4	2989
4	2991
4	2993
4	2994
4	3000
4	3003
4	3004
4	3006
4	3008
4	3009
4	3010
4	3013
4	3014
4	3016
4	3022
4	3023
4	3025
4	3026
4	3027
4	3029
4	3030
4	3031
4	3032
4	3033
4	3034
4	3035
4	3036
4	3037
4	3038
4	3039
4	3040
4	3041
4	3042
4	3043
4	3044
4	3045
4	3046
4	3047
4	3050
4	3052
4	3053
4	3054
4	3055
4	3056
4	3058
4	3059
4	3064
4	3065
4	3070
4	3071
4	3073
4	3074
4	3077
4	3078
4	3080
4	3084
4	3085
4	3087
4	3088
4	3089
4	3090
4	3091
4	3092
4	3094
4	3095
4	3096
4	3098
4	3101
4	3102
4	3104
4	3105
4	3108
4	3114
4	3115
4	3116
4	3117
4	3118
4	3119
4	3120
4	3122
4	3123
4	3125
4	3127
4	3129
4	3130
4	3131
4	3132
4	3135
4	3137
4	3139
4	3141
4	3142
4	3143
4	3144
4	3145
4	3146
4	3147
4	3149
4	3150
4	3151
4	3152
4	3153
4	3156
4	3158
4	3163
4	3166
4	3167
4	3171
4	3174
4	3175
4	3179
4	3180
4	3181
4	3183
4	3184
4	3185
4	3187
4	3188
4	3193
4	3194
4	3195
4	3196
4	3197
4	3199
4	3200
4	3201
4	3202
4	3204
4	3206
4	3207
4	3208
4	3209
4	3212
4	3213
4	3214
4	3215
4	3216
4	3217
4	3218
4	1171
4	3219
4	3220
4	3224
4	3226
4	3227
4	3228
4	3229
4	3230
4	3231
4	3232
4	3234
4	3235
4	3236
4	3237
4	3238
4	3240
4	3241
4	3243
4	3249
4	3250
4	3251
4	3252
4	3253
4	3255
4	3256
4	3257
4	3259
4	3260
4	3264
4	3265
4	3267
4	3268
4	3269
4	3270
4	3271
4	3277
4	3283
4	3284
4	3286
4	3288
4	3289
4	3290
4	3291
4	3293
4	3294
4	3296
4	3297
4	3298
4	3299
4	3300
4	3301
4	3302
4	3303
4	3304
4	3309
4	3311
4	3312
4	3314
4	3315
4	3317
4	3318
4	3319
4	3321
4	3324
4	3325
4	3330
4	3331
4	3332
4	3333
4	3335
4	3337
4	3338
4	3339
4	3342
4	3345
4	3346
4	3348
4	3352
4	3354
4	3358
4	3359
4	3360
4	3362
4	3363
4	3364
4	3365
4	3369
4	3372
4	3376
4	3381
4	3382
4	3384
4	3385
4	3386
4	3387
4	3388
4	3390
4	3392
4	3393
4	3394
4	3399
4	3400
4	3401
4	3402
4	3404
4	3407
4	3408
4	3409
4	3413
4	3414
4	3417
4	3419
4	3421
4	3422
4	3423
4	3425
4	3426
4	3427
4	3428
4	3429
4	3430
4	3433
4	3434
4	3435
4	3436
4	1405
4	1450
4	696
4	702
4	2738
4	2741
4	2742
4	2743
4	2744
4	2745
4	2746
4	2747
4	2749
4	2750
4	2751
4	2753
4	2754
4	2755
4	2756
4	2757
4	2758
4	2759
4	2761
4	2763
4	2765
4	2766
4	732
4	2769
4	2770
4	736
4	737
4	2773
4	739
4	1684
4	2777
4	2781
4	2782
4	2785
4	2786
4	2787
4	752
4	2789
4	2793
4	2794
4	760
4	761
4	2798
4	2800
4	2801
4	766
4	2802
4	767
4	768
4	2807
4	2809
4	2810
4	778
4	2815
4	2816
4	781
4	2821
4	2825
4	2827
4	2831
4	2832
4	2835
4	801
4	2837
4	802
4	803
4	2839
4	806
4	2843
4	2844
4	2849
5	2048
5	2049
5	2050
5	2051
5	2052
5	2053
5	2054
5	2055
5	2056
5	2057
5	2058
5	2059
5	2060
5	2061
5	2062
5	2063
5	2064
5	2065
5	2066
5	2067
5	2068
5	2069
5	2070
5	2071
5	2072
5	2073
5	2074
5	2075
5	2076
5	2077
5	2078
5	2079
5	2080
5	2081
5	2082
5	2083
5	2084
5	2085
5	2086
5	2087
5	2088
5	2089
5	2090
5	2091
5	2092
5	2093
5	2094
5	2095
5	2096
5	2097
5	2098
5	2099
5	2100
5	2101
5	2102
5	2103
5	2104
5	2105
5	2106
5	2107
5	2108
5	2109
5	2110
5	2111
5	2112
5	2113
5	2114
5	2115
5	2116
5	2117
5	2118
5	2119
5	2120
5	2121
5	2122
5	2123
5	2124
5	2125
5	2126
5	2127
5	2128
5	2129
5	2130
5	2131
5	2132
5	2133
5	2134
5	2135
5	2136
5	2137
5	2138
5	2139
5	2140
5	2141
5	2142
5	2143
5	2144
5	2145
5	2146
5	2147
5	2148
5	2149
5	2150
5	2151
5	2152
5	2153
5	2154
5	2155
5	2156
5	2157
5	2158
5	2159
5	2160
5	2161
5	2162
5	2163
5	2164
5	2165
5	2166
5	2167
5	2168
5	2169
5	2170
5	2171
5	2172
5	2173
5	2174
5	2175
5	2176
5	2177
5	2178
5	2179
5	2180
5	2181
5	2182
5	2183
5	2184
5	2185
5	2186
5	2187
5	2188
5	2189
5	2190
5	2191
5	2192
5	2193
5	2194
5	2195
5	2196
5	2197
5	2198
5	2199
5	2200
5	2201
5	2202
5	2203
5	2204
5	2205
5	2206
5	2207
5	2208
5	2209
5	2210
5	2211
5	2212
5	2213
5	2214
5	2215
5	2216
5	2217
5	2218
5	2219
5	2220
5	2221
5	2222
5	2223
5	2224
5	2225
5	2226
5	2227
5	2228
5	2229
5	2230
5	2231
5	2232
5	2233
5	2234
5	2235
5	2236
5	2237
5	2238
5	2239
5	2240
5	2241
5	2242
5	2243
5	2244
5	2245
5	2246
5	2247
5	2248
5	2249
5	2250
5	2251
5	2252
5	2253
5	2254
5	2255
5	2256
5	2257
5	2258
5	2259
5	2260
5	2261
5	2262
5	2263
5	2264
5	2265
5	2266
5	2267
5	2268
5	2269
5	2270
5	2271
5	2272
5	2273
5	2274
5	2275
5	2276
5	2277
5	2278
5	2279
5	2280
5	2281
5	2282
5	2283
5	2284
5	2285
5	2286
5	2287
5	2288
5	2289
5	2290
5	2291
5	2292
5	2293
5	2294
5	2295
5	2296
5	2297
5	2298
5	2299
5	2300
5	2301
5	2302
5	2303
5	2304
5	2305
5	2306
5	2307
5	2308
5	2309
5	2310
5	2311
5	2312
5	2313
5	2314
5	2315
5	2316
5	2317
5	2318
5	2319
5	2320
5	2321
5	2322
5	2323
5	2324
5	2325
5	2326
5	2327
5	2328
5	2329
5	2330
5	2331
5	2332
5	2333
5	2334
5	2335
5	2336
5	2337
5	2338
5	2339
5	2340
5	2341
5	2342
5	2343
5	2344
5	2345
5	2346
5	2347
5	2348
5	2349
5	2350
5	2351
5	2352
5	2353
5	2354
5	2355
5	2356
5	2357
5	2358
5	2359
5	2360
5	2361
5	2362
5	2363
5	2364
5	2365
5	2366
5	2367
5	2368
5	2369
5	2370
5	2371
5	2372
5	2373
5	2374
5	2375
5	2376
5	2377
5	2378
5	2379
5	2380
5	2381
5	2382
5	2383
5	2384
5	2385
5	2386
5	2387
5	2388
5	2389
5	2390
5	2391
5	2392
5	2393
5	2394
5	2395
5	2396
5	2397
5	2398
5	2399
5	2400
5	2401
5	2402
5	2403
5	2404
5	2405
5	2406
5	2407
5	2408
5	2409
5	2410
5	2411
5	2412
5	2413
5	2414
5	2415
5	2416
5	2417
5	2418
5	2419
5	2420
5	2421
5	2422
5	2423
5	2424
5	2425
5	2426
5	2427
5	2428
5	2429
5	2430
5	2431
5	2432
5	2433
5	2434
5	2435
5	2436
5	2437
5	2438
5	2439
5	2440
5	2441
5	2442
5	2443
5	2444
5	2445
5	2446
5	2447
5	2448
5	2449
5	2450
5	2451
5	2452
5	2453
5	2454
5	2455
5	2456
5	2457
5	2458
5	2459
5	2460
5	2461
5	2462
5	2463
5	2464
5	2465
5	2466
5	2467
5	2468
5	2469
5	2470
5	2471
5	2472
5	2473
5	2474
5	2475
5	2476
5	2477
5	2478
5	2479
5	2480
5	2481
5	2482
5	2483
5	2484
5	2485
5	2486
5	2487
5	2488
5	2489
5	2490
5	2491
5	2492
5	2493
5	2494
5	2495
5	2496
5	2497
5	2498
5	2499
5	2500
5	2501
5	2502
5	2503
5	2504
5	2505
5	2506
5	2507
5	2508
5	2509
5	2510
5	2511
5	2512
5	2513
5	2514
5	2515
5	2516
5	2517
5	2518
5	2519
5	2520
5	2521
5	2522
5	2523
5	2524
5	2525
5	2526
5	2527
5	2528
5	2529
5	2530
5	2531
5	2532
5	2533
5	2534
5	2535
5	2536
5	2537
5	2538
5	2539
5	2540
5	2541
5	2542
5	2543
5	2544
5	2545
5	2546
5	2547
5	2548
5	2549
5	2550
5	2551
5	2552
5	2553
5	2554
5	2555
5	2556
5	2557
5	2558
5	2559
5	2560
5	2561
5	2562
5	2563
5	2564
5	2565
5	2566
5	2567
5	2568
5	2569
5	2570
5	2571
5	2572
5	2573
5	2574
5	2575
5	2576
5	2577
5	2578
5	2579
5	2580
5	2581
5	2582
5	2583
5	2584
5	2585
5	2586
5	2587
5	2588
5	2589
5	2590
5	2591
5	2592
5	2593
5	2594
5	2595
5	2596
5	2597
5	2598
5	2599
5	2600
5	2601
5	2602
5	2603
5	2604
5	2605
5	2606
5	2607
5	2608
5	2609
5	2610
5	2611
5	2612
5	2613
5	2614
5	2615
5	2616
5	2617
5	2618
5	2619
5	2620
5	2621
5	2622
5	2623
5	2624
5	2625
5	2626
5	2627
5	2628
5	2629
5	2630
5	2631
5	2632
5	2633
5	2634
5	2635
5	2636
5	2637
5	2638
5	2639
5	2640
5	2641
5	2642
5	2643
5	2644
5	2645
5	2646
5	2647
5	2648
5	2649
5	2650
5	2651
5	2652
5	2653
5	2654
5	2655
5	2656
5	2657
5	2658
5	2659
5	2660
5	1465
5	1577
5	1718
5	1912
5	1913
5	1914
5	1915
5	1916
5	1917
5	1918
5	1919
5	1920
5	1921
5	1922
5	1923
5	1924
5	1925
5	1926
5	1927
5	1928
5	1929
5	1930
5	1931
5	1932
5	1933
5	1934
5	1935
5	1936
5	1937
5	1938
5	1939
5	1940
5	1941
5	1942
5	1943
5	1944
5	1945
5	1946
5	1947
5	1948
5	1949
5	1950
5	1951
5	1952
5	1953
5	1954
5	1955
5	1956
5	1957
5	1958
5	1959
5	1960
5	1961
5	1962
5	1963
5	1964
5	1965
5	1966
5	1968
5	1969
5	1970
5	1971
5	1972
5	1973
5	1974
5	1975
5	1976
5	1977
5	1978
5	1979
5	1980
5	1981
5	1982
5	1983
5	1984
5	1985
5	1986
5	1987
5	1988
5	1989
5	1990
5	1991
5	1992
5	1993
5	1994
5	1995
5	1996
5	1997
5	1998
5	1999
5	2000
5	2001
5	2002
5	2003
5	2004
5	2005
5	2006
5	2007
5	2008
5	2009
5	2010
5	2011
5	2012
5	2013
5	2014
5	2015
5	2016
5	2017
5	2018
5	2019
5	2020
5	2021
5	2022
5	2023
5	2024
5	2025
5	2026
5	2027
5	2028
5	2029
5	2030
5	2031
5	2032
5	2033
5	2034
5	2035
5	2036
5	2037
5	2038
5	2039
5	2040
5	2041
5	2042
5	2043
5	2044
5	2045
5	2046
5	2047
6	608
6	674
6	642
6	581
6	613
6	1223
6	585
6	649
6	638
6	624
6	629
6	602
6	668
6	414
6	607
7	512
7	515
7	516
7	5
7	518
7	519
7	10
7	522
7	523
7	525
7	527
7	528
7	529
7	530
7	531
7	532
7	21
7	533
7	535
7	24
7	534
7	27
7	539
7	29
7	541
7	542
7	544
7	545
7	34
7	546
7	36
7	549
7	38
7	39
7	552
7	550
7	553
7	547
7	555
7	551
7	558
7	47
7	559
7	554
7	50
7	562
7	564
7	53
7	54
7	563
7	568
7	57
7	569
7	571
7	572
7	64
7	77
7	80
7	81
7	92
7	94
7	98
7	100
7	101
7	105
7	106
7	108
7	117
7	119
7	120
7	122
7	125
7	127
7	130
7	132
7	133
7	135
7	136
7	139
7	142
7	146
7	150
7	153
7	667
7	156
7	158
7	159
7	163
7	165
7	166
7	169
7	173
7	180
7	183
7	184
7	187
7	188
7	189
7	191
7	194
7	196
7	197
7	198
7	202
7	204
7	208
7	217
7	231
7	235
7	236
7	1777
7	242
7	247
7	249
7	251
7	254
7	266
7	269
7	272
7	277
7	280
7	281
7	284
7	286
7	294
7	299
7	300
7	301
7	302
7	309
7	313
7	316
7	317
7	320
7	324
7	325
7	329
7	330
7	332
7	346
7	348
7	349
7	350
7	351
7	354
7	355
7	356
7	357
7	358
7	359
7	361
7	362
7	364
7	367
7	368
7	369
7	371
7	372
7	373
7	377
7	379
7	380
7	381
7	382
7	383
7	384
7	386
7	387
7	388
7	389
7	390
7	393
7	395
7	397
7	399
7	401
7	403
7	405
7	406
7	407
7	410
7	411
7	413
7	415
7	416
7	418
7	419
7	421
7	424
7	425
7	426
7	427
7	428
7	429
7	431
7	432
7	433
7	434
7	1967
7	435
7	437
7	439
7	440
7	441
7	442
7	443
7	445
7	447
7	448
7	450
7	451
7	452
7	453
7	454
7	455
7	456
7	457
7	459
7	460
7	462
7	463
7	464
7	465
7	466
7	467
7	468
7	469
7	470
7	471
7	472
7	473
7	474
7	475
7	476
7	477
7	478
7	481
7	482
7	485
7	486
7	487
7	488
7	489
7	492
7	495
7	496
7	498
7	499
7	501
7	504
7	505
7	508
7	509
7	510
8	1001
8	910
8	1422
8	1776
8	912
8	1808
8	1657
9	3072
9	3075
9	3076
9	3079
9	3081
9	3082
9	3083
9	3086
9	3093
9	3097
9	3099
9	3100
9	3103
9	3106
9	3107
9	3109
9	3110
9	3111
9	3112
9	3113
9	3121
9	3124
9	3126
9	3128
9	3133
9	3134
9	3136
9	3138
9	3140
9	3148
9	3154
9	3155
9	3157
9	3159
9	3160
9	3161
9	3162
9	3164
9	3165
9	3168
9	3169
9	3170
9	3173
9	2662
9	3176
9	3177
9	3178
9	2667
9	2668
9	2665
9	3182
9	2672
9	3186
9	3189
9	2678
9	3190
9	3191
9	2682
9	2684
9	2685
9	2687
9	2690
9	3203
9	2692
9	2696
9	2697
9	3210
9	3211
9	2700
9	2701
9	2702
9	2707
9	2708
9	3221
9	3222
9	2709
9	3223
9	2713
9	3225
9	2714
9	2716
9	2711
9	3233
9	2724
9	3239
9	2727
9	2728
9	3242
9	3244
9	2733
9	3246
9	2735
9	2736
9	3248
9	2734
9	3245
9	2737
9	2739
9	3254
9	3247
9	3258
9	3261
9	1726
9	3263
9	3262
9	3266
9	2760
9	3273
9	2762
9	3275
9	3276
9	3272
9	3278
9	3279
9	2768
9	3280
9	3282
9	2771
9	2772
9	3285
9	3287
9	2775
9	2778
9	2779
9	2780
9	3292
9	3295
9	2784
9	2783
9	2790
9	3305
9	3306
9	2795
9	3308
9	3307
9	2796
9	3310
9	2797
9	3313
9	2803
9	2804
9	3316
9	2805
9	2806
9	3320
9	2808
9	3322
9	3323
9	2811
9	3326
9	3327
9	3329
9	2818
9	2820
9	2822
9	2823
9	3336
9	3334
9	2826
9	3340
9	2829
9	2830
9	3341
9	3344
9	2833
9	3343
9	3347
9	2836
9	3349
9	3350
9	3351
9	2841
9	3355
9	3356
9	3357
9	2847
9	2848
9	3361
9	3366
9	2855
9	3368
9	2856
9	2858
9	3370
9	3371
9	3373
9	3374
9	2860
9	2859
9	3377
9	3378
9	3379
9	2868
9	3380
9	2870
9	3383
9	2871
9	2875
9	3389
9	3391
9	2881
9	2882
9	3395
9	3397
9	3398
9	2886
9	3403
9	2892
9	2893
9	3405
9	3406
9	2894
9	2898
9	3411
9	3412
9	2900
9	3410
9	3415
9	3416
9	2904
9	3418
9	3420
9	3424
9	3431
9	3432
9	2921
9	2922
9	2933
9	2934
9	2935
9	2936
9	2937
9	2938
9	2941
9	2942
9	2947
9	2949
9	2951
9	2954
9	2957
9	2958
9	2964
9	2965
9	2828
9	2968
9	2976
9	2979
9	2983
9	2984
9	2990
9	2992
9	2995
9	2996
9	2997
9	2998
9	2999
9	3001
9	3002
9	3005
9	3007
9	3011
9	3012
9	3015
9	3018
9	3019
9	3020
9	3021
9	3024
9	3028
9	990
9	3048
9	3049
9	3051
9	3057
9	3061
9	3062
9	3063
9	3066
9	3067
9	3068
9	3069
10	644
10	648
10	521
10	653
10	654
10	655
10	657
10	402
10	660
10	663
10	664
10	666
10	412
10	540
10	543
10	672
10	677
10	422
10	678
10	679
10	680
10	682
10	684
10	685
10	430
10	560
10	565
10	566
10	570
10	573
10	574
10	575
10	449
10	579
10	584
10	588
10	589
10	590
10	592
10	593
10	597
10	598
10	603
10	605
10	480
10	353
10	609
10	611
10	612
10	631
10	616
10	617
10	618
10	619
10	620
10	621
10	622
10	623
10	625
10	370
10	626
10	374
10	630
10	633
10	636
10	637
10	639
11	1660
11	1430
12	640
12	643
12	647
12	650
12	658
12	659
12	661
12	662
12	665
12	670
12	675
12	681
12	576
12	577
12	578
12	582
12	583
12	595
12	599
12	600
12	615
12	627
12	628
12	632
12	635
13	1697
13	1702
13	1863
13	1321
13	1008
13	1521
13	1395
13	1909
13	1911
13	1337
13	1594
14	1176
14	1591
15	1786
15	1347
15	1742
15	1755
16	929
16	1505
16	1317
16	1701
16	1193
16	1838
16	1140
16	1461
16	1656
16	1178
16	923
16	1534
16	991
17	1384
17	1045
17	1788
17	909
18	1664
18	1057
18	1062
18	1607
18	1896
18	1138
18	979
18	1053
19	1387
19	1549
19	1486
19	1678
19	1297
20	1276
20	1791
21	1538
21	906
21	1554
21	1683
21	1685
21	1175
21	1823
21	1312
21	1835
21	1195
21	1714
21	1460
21	1209
21	1600
21	1092
21	1609
21	1612
21	1746
21	1126
21	1003
21	1262
21	1391
21	1520
21	1775
21	1653
21	1269
22	1248
22	1154
22	1543
22	937
22	939
22	1295
22	1264
22	1749
22	1725
23	1762
23	1767
23	1545
23	1455
23	1427
23	1654
24	1025
24	514
24	513
24	517
24	520
24	524
24	526
24	536
24	537
24	538
24	548
24	556
24	557
24	561
24	567
24	1080
24	580
24	1606
24	1095
24	586
24	587
24	591
24	1616
24	1113
24	604
24	1631
24	1122
24	610
24	614
24	634
24	1155
24	645
24	646
24	1673
24	651
24	652
24	1677
24	1679
24	656
24	1179
24	669
24	671
24	673
24	676
24	683
24	1237
24	1844
24	1332
24	1853
24	1349
24	1878
24	1374
24	352
24	360
24	363
24	365
24	366
24	375
24	376
24	378
24	385
24	391
24	392
24	394
24	396
24	398
24	400
24	404
24	408
24	409
24	417
24	420
24	423
24	936
24	436
24	438
24	1464
24	444
24	446
24	458
24	461
24	1487
24	1490
24	479
24	1506
24	483
24	484
24	1512
24	490
24	491
24	493
24	494
24	497
24	500
24	1526
24	503
24	502
24	506
24	507
24	511
25	1536
25	1667
25	1415
25	1672
25	1037
25	1168
25	913
25	1310
25	1311
25	1569
25	943
25	1213
25	1469
25	1855
25	1472
25	1089
25	1348
25	1093
25	964
25	1354
25	1739
25	971
25	1869
25	1362
25	1624
25	1507
25	1259
25	1005
25	1904
25	1906
25	1139
25	1397
25	1783
25	1529
25	1275
26	3328
26	2819
26	1419
26	2840
26	3353
26	2971
26	2845
26	2719
26	3367
26	3375
26	3396
26	3017
26	3274
26	3281
26	3172
26	3060
26	2677
26	3192
26	2813
26	3198
27	1088
27	961
27	1283
27	996
27	1411
27	1891
27	1618
27	1780
27	1301
27	1817
27	922
27	1087
28	901
28	1798
28	903
28	1548
28	1424
28	1568
28	1186
28	1314
28	1319
28	938
28	1452
28	1837
28	1333
28	1468
28	958
28	1216
28	1601
28	963
28	1733
28	1097
28	1232
28	1363
28	1747
28	1493
28	1880
28	1371
28	1629
28	1118
28	992
28	1378
28	1892
28	1895
28	1648
28	1137
28	1784
28	1787
28	1533
29	1410
29	900
29	1031
29	1033
29	1803
29	908
29	1421
29	1806
29	1165
29	1553
29	1555
29	1174
29	1687
29	1433
29	3609
29	1307
29	1567
29	928
29	1825
29	1698
29	1187
29	1445
29	1705
29	1579
29	1708
29	1325
29	1328
29	1073
29	1588
29	950
29	951
29	1719
29	1593
29	1085
29	1861
29	1866
29	970
29	1098
29	1615
29	1360
29	1494
29	1251
29	1511
29	1641
29	1518
29	1774
29	1136
29	1144
29	1274
29	1023
30	2688
30	1409
30	2693
30	1670
30	3205
30	1437
30	1440
30	2725
30	1327
30	1476
30	1865
30	2764
30	2903
30	1626
30	1642
30	2923
30	1908
30	1527
30	1150
31	1856
31	1537
31	1346
31	1571
31	1220
31	1029
31	998
31	1827
31	1800
31	1290
31	1483
31	1839
31	982
31	1623
31	1110
31	1498
31	1407
32	1792
32	1666
32	905
32	1675
32	1293
32	1040
32	1431
32	1689
32	1434
32	1564
32	1185
32	1449
32	1585
32	1842
32	947
32	1590
32	1846
32	1467
32	1470
32	1477
32	1613
32	1614
32	1752
32	1114
32	1117
32	1757
32	993
32	1509
32	1643
32	1263
33	1541
33	1167
33	1681
33	1042
33	1299
33	1169
33	1041
33	1428
33	1815
33	1306
33	1051
33	924
33	1183
33	1699
33	1188
33	1189
33	1703
33	940
33	1709
33	1070
33	1072
33	944
33	1338
33	1727
33	1090
33	965
33	1225
33	1482
33	1355
33	1228
33	974
33	977
33	1106
33	1876
33	1109
33	1366
33	1748
33	1236
33	985
33	986
33	1244
33	1500
33	1246
33	1630
33	1756
33	1121
33	1634
33	1504
33	1249
33	1127
33	1000
33	1131
33	1260
33	1134
33	1010
33	1011
33	1141
33	1525
33	1785
34	1510
34	1226
34	1770
34	1778
34	1650
34	949
34	1496
34	1086
34	1052
34	1022
35	1793
35	1539
35	1287
35	1804
35	1811
35	916
35	920
35	921
35	1688
35	1435
35	1181
35	1182
35	1054
35	925
35	1826
35	1059
35	1191
35	946
35	1075
35	1717
35	1078
35	1463
35	1079
35	1851
35	1724
35	1340
35	1343
35	1603
35	967
35	968
35	1737
35	1867
35	1484
35	1874
35	1620
35	1365
35	1364
35	1877
35	1112
35	1242
35	1243
35	1116
35	1375
35	1888
35	1376
35	1250
35	1632
35	1894
35	1388
35	1004
35	1265
35	1652
35	1782
35	1147
35	1532
35	1789
35	1278
35	1663
36	1024
36	1026
36	1540
36	1028
36	1542
36	1547
36	1551
36	1552
36	1039
36	1557
36	1047
36	1048
36	1561
36	1559
36	1563
36	1049
36	1056
36	1058
36	1572
36	1063
36	1580
36	1068
36	1069
36	1584
36	1074
36	1077
36	1589
36	1083
36	1084
36	1597
36	1598
36	1091
36	1604
36	1605
36	1608
36	1610
36	1101
36	1617
36	1619
36	1107
36	1622
36	1123
36	1124
36	1125
36	1639
36	1130
36	1644
36	1132
36	1135
36	1651
36	1146
36	1659
36	1149
36	1662
36	1151
36	1665
36	1153
36	1156
36	1669
36	1160
36	1674
36	1163
36	1164
36	1172
36	1173
36	1180
36	1184
36	1707
36	1196
36	1198
36	1710
36	1712
36	1199
36	1201
36	1205
36	1207
36	1721
36	1722
36	1211
36	1723
36	1214
36	1730
36	1219
36	1734
36	1222
36	1735
36	1736
36	1741
36	1230
36	1238
36	1239
36	1750
36	1753
36	1754
36	1765
36	1255
36	1768
36	1769
36	1771
36	1772
36	1267
36	1271
36	1272
36	1280
36	1795
36	1796
36	1285
36	1799
36	1288
36	1289
36	1291
36	1805
36	1810
36	1813
36	1302
36	1816
36	1305
36	1819
36	1832
36	1833
36	1323
36	1836
36	1329
36	1330
36	1843
36	1331
36	1845
36	1335
36	1336
36	1849
36	1339
36	1852
36	1341
36	1344
36	1858
36	1351
36	1352
36	1864
36	1868
36	1359
36	1361
36	1879
36	1367
36	1369
36	1370
36	1883
36	1377
36	1380
36	1898
36	1900
36	1389
36	1902
36	1390
36	1393
36	1398
36	1399
36	1401
36	1402
36	897
36	1416
36	907
36	1420
36	926
36	1439
36	927
36	932
36	934
36	1447
36	1456
36	1457
36	1458
36	953
36	1471
36	960
36	959
36	1480
36	972
36	973
36	1485
36	1488
36	978
36	1491
36	980
36	983
36	995
36	997
36	999
36	1516
36	1517
36	1006
36	1519
36	1522
36	1523
36	1524
36	1528
36	1017
36	1530
36	1535
37	1036
37	1550
37	1044
37	1570
37	1060
37	1573
37	1576
37	1578
37	1067
37	1583
37	1587
37	1592
37	1082
37	1596
37	1099
37	1100
37	1611
37	1104
37	1621
37	1115
37	1628
37	1120
37	1635
37	1636
37	1129
37	1647
37	1655
37	1148
37	1158
37	1680
37	1682
37	1691
37	1190
37	1192
37	1715
37	1204
37	1716
37	1720
37	1728
37	1732
37	1221
37	1227
37	1229
37	1231
37	1235
37	1764
37	1257
37	1277
37	1279
37	1284
37	1286
37	1292
37	1298
37	1315
37	1322
37	1841
37	1345
37	1857
37	1859
37	1350
37	1862
37	1872
37	1873
37	1884
37	1887
37	1379
37	1893
37	1381
37	1899
37	1903
37	896
37	1413
37	902
37	1414
37	1417
37	1423
37	1426
37	1432
37	1436
37	1438
37	1448
37	1459
37	1462
37	957
37	1475
37	1479
37	975
37	981
37	988
37	1502
37	994
37	1009
37	1015
37	1019
37	1021
38	1408
38	641
38	1671
38	1801
38	1294
38	1807
38	1425
38	914
38	915
38	1300
38	1818
38	1692
38	1565
38	1694
38	1695
38	1566
38	1313
38	930
38	931
38	1700
38	1829
38	1318
38	1446
38	1064
38	1831
38	1320
38	1575
38	1453
38	948
38	1076
38	1334
38	952
38	1210
38	1212
38	1342
38	1599
38	1602
38	962
38	1478
38	1094
38	1740
38	1356
38	1358
38	1870
38	1744
38	1743
38	1881
38	601
38	1882
38	1625
38	1497
38	606
38	1372
38	1885
38	1761
38	1247
38	1763
38	1637
38	1766
38	1256
38	1897
38	1514
38	1645
38	1773
38	1646
38	1012
38	1142
38	1910
38	1400
38	1658
38	1790
39	1444
39	935
39	1385
39	1738
39	1007
39	1268
39	1531
40	898
40	917
40	919
40	933
40	941
40	942
40	954
40	966
40	969
40	984
40	989
40	1014
40	1018
40	1020
40	1032
40	1035
40	1066
40	1081
40	1102
40	1103
40	1108
40	1128
40	1143
40	1152
40	1159
40	1166
40	1170
40	1215
40	1217
40	1241
40	1245
40	1258
40	1261
40	1273
40	1281
40	1282
40	1296
40	1303
40	1309
40	1316
40	1324
40	1373
40	1382
40	1392
40	1396
40	1404
40	1412
40	1418
40	1429
40	1451
40	1454
40	1473
40	1481
40	1489
40	1495
40	1503
40	1508
40	1515
40	1556
40	1582
40	1595
40	1633
40	1638
40	1649
40	1661
40	1668
40	1686
40	1704
40	1706
40	1729
40	1745
40	1751
40	1781
40	1794
40	1809
40	1812
40	1820
40	1821
40	1824
40	1828
40	1830
40	1848
40	1850
40	1871
40	1875
40	1886
40	1907
